10137:
987706
1493907
1994279
1489003
276411
1777888
2158095
1578429
60194
2328034
1351590
697857
1689421
218486
870930
1274659
36076
2071210
521143
1881654
1636752
238384
2296258
2471304
801851
1751577
1854652
1311006
101900
368765
1718691
1036146
801405
227097
10138:
2183983
793082
2276375
1:
30878
2647871
1283744
2488120
317050
1904905
1989766
14756
1027056
1149588
1394012
1406595
2529547
1682104
2625019
2603381
1774623
470861
712610
1772839
1059319
2380848
548064
10134:
373243
1262679
376162
852409
2592540
10135:
1375234
512284
2024858
1455355
2007722
1996872
1360255
833441
2380258
2152930
485259
10136:
34872
1125980
1450431
2410335
10:
1952305
1531863
1000:
2326571
977808
1010534
1861759
79755
98259
1960212
97460
2623506
2409123
1959111
809597
2251189
537705
929584
506737
708895
1900790
2553920
1196779
2411446
1002296
1580442
100291
433455
2368043
906984
10000:
200206
523108
10001:
262828
2609496
1474804
831991
267142
2305771
220050
1959883
27822
2570808
90355
2417258
264764
143866
766895
714089
2350428
10002:
1450941
1213181
308502
2581993
10003:
1515111
10004:
1737087
1270334
1262711
1903515
2140798
2479158
2161335
2099522
1291600
2198877
2214717
1936582
84804
1257912
1263375
735147
1186407
350806
1141242
638738
590598
1704823
2238464
273497
2499539
2543444
119309
2540335
129495
956464
1648424
10005:
254775
1892654
469365
793736
926698
10006:
1093333
1982605
1534853
1632583
10007:
1204847
2160216
248206
835054
1064667
2419805
2084848
671106
2087887
1340891
1917538
2018945
2520477
